75 0.0001962457
8686 0.0001878359
9678 0.0001859907
5104 0.0001854558
725 0.0001844661
3257 0.0001834079
468 0.0001825967
7730 0.0001816469
7175 0.0001815486
5526 0.0001805656
8880 0.0001803145
6165 0.0001791220
2524 0.0001775285
7531 0.0001757383
9705 0.0001750651
6674 0.0001745139
5479 0.0001741187
8730 0.0001732612
5486 0.0001724623
579 0.0001724609
4969 0.0001717876
5602 0.0001715773
5467 0.0001713370
1741 0.0001710238
4499 0.0001700858
3334 0.0001699712
4561 0.0001696574
43 0.0001695493
9083 0.0001694568
989 0.0001686615
5919 0.0001682412
7157 0.0001671157
5883 0.0001667710
646 0.0001660195
9884 0.0001659225
2414 0.0001657793
486 0.0001655896
6364 0.0001652200
2387 0.0001651331
2932 0.0001651128
2588 0.0001648265
1963 0.0001645531
6147 0.0001639457
4304 0.0001639280
5142 0.0001636360
5823 0.0001635560
2229 0.0001635470
3094 0.0001633967
5029 0.0001633551
8294 0.0001631740
260 0.0001629843
3331 0.0001629418
5390 0.0001629169
9674 0.0001627436
5786 0.0001623801
1506 0.0001622838
4049 0.0001618601
1750 0.0001618584
2213 0.0001617977
1932 0.0001617517
3794 0.0001617245
3790 0.0001617130
1879 0.0001615395
9768 0.0001613440
9325 0.0001611493
209 0.0001611125
9106 0.0001610672
6248 0.0001606732
3029 0.0001606006
9134 0.0001602643
1486 0.0001602432
2549 0.0001600993
4613 0.0001600111
40 0.0001598936
3190 0.0001597660
511 0.0001597460
3350 0.0001596110
9067 0.0001594406
2711 0.0001591579
664 0.0001591364
5191 0.0001589824
2180 0.0001589301
9677 0.0001589174
407 0.0001588804
9817 0.0001587548
6403 0.0001586521
2880 0.0001584527
1289 0.0001584137
4602 0.0001583674
9464 0.0001582063
3534 0.0001581994
9272 0.0001578387
2123 0.0001576908
2191 0.0001575220
7887 0.0001574137
3610 0.0001574091
604 0.0001570804
8160 0.0001569853
9645 0.0001569549
5206 0.0001568513
